0.0 0.0 0.0 0.0 0.0 0.0 0.0 0.0 0.0 0.0 0.0 0.0 0.0 0.0 0.0 0.0 0.0 0.0 0.0 0.0
-183.0 0.0 0.0 0.0 0.0 0.0 0.0 0.0 0.0 0.0 0.0 0.0 0.0 0.0 0.0 0.0 0.0 0.0 0.0 0.0
-183.0 0.0 0.0 0.0 0.0 0.0 4.0 23.0 0.0 0.0 10.0 -164.0 -27.0 0.0 0.0 0.0 0.0 0.0 0.0 0.0
-183.0 0.0 0.0 0.0 0.0 0.0 4.0 23.0 0.0 0.0 10.0 -164.0 8.0 0.0 0.0 0.0 0.0 0.0 0.0 0.0
-183.0 0.0 0.0 0.0 0.0 0.0 4.0 23.0 0.0 0.0 10.0 -164.0 -24.0 0.0 0.0 0.0 0.0 0.0 0.0 0.0
-183.0 0.0 0.0 0.0 0.0 0.0 4.0 23.0 0.0 0.0 10.0 -164.0 -1.0 0.0 0.0 0.0 0.0 0.0 0.0 0.0
-183.0 0.0 0.0 0.0 0.0 -73.0 4.0 20.0 0.0 0.0 10.0 -68.0 13.0 0.0 0.0 0.0 0.0 0.0 0.0 0.0
-183.0 -53.0 0.0 0.0 0.0 -73.0 4.0 63.0 0.0 0.0 10.0 -68.0 13.0 0.0 0.0 0.0 0.0 0.0 0.0 0.0
-183.0 -53.0 0.0 -39.0 11.0 -435.0 -56.0 63.0 0.0 23.0 10.0 -3.0 26.0 0.0 0.0 0.0 0.0 0.0 0.0 0.0
-183.0 -53.0 -116.0 -39.0 11.0 -435.0 -56.0 63.0 -150.0 23.0 10.0 -3.0 26.0 0.0 0.0 0.0 0.0 0.0 0.0 0.0
-180.0 0.0 -101.0 8.0 54.0 5.0 10.0 -23.0 23.0 -85.0 -24.0 -116.0 -10.0 0.0 0.0 0.0 0.0 0.0 0.0 0.0
